0
0
0
0
0
0
0
0
0
0
0
0
0
0
0
0
0
0
0
0
0
0
0
0
0
0
0
0
0
0
0
0
0
0
0
0
0
0
0
0
0
0
0
0
0
0
0
0
0
0
0
0
0
0
0
0
0
0
0
0
0
0
0
0
0.068359
0.05372
0.063524
0.034918
0.019608
0.025786
0.038007
0.031963
0.015176
0.026323
0.026054
0.045662
0.078163
0.024846
0.015982
0.041096
0.0020145
0.032635
0.066344
0.038141
0.005372
0.024711
0.01343
0.017862
0.0079237
0.0064464
0
0
0
0
0
0
0.80231
0.46831
1
0.62262
0.33441
0.33951
0.32111
0.27854
0.41002
0.072254
0.045125
0.2596
0.58367
0.18762
0.20937
0.93849
0.057883
0.53868
0.70817
0.49893
0.05654
0.21582
0.017996
0.0098039
0.011818
0.034515
0
0
0
0
0
0
0
0
0
0
0
0
0
0
0
0
0
0
0
0
0
0
0
0
0
0
0
0
0
0
0
0
0
0
0
0
0
0
0
0
0
0
0
0
0
0
0
0
0
0
0
0
0
0
0
0
0
0
0.0002686
0
0
0
0
0
0
0
0
0
0
0
0
0
0
0
0.0002686
0
0
0.0001343
0.0096696
0
0
0
0
0.0004029
0
0
0
0
0
0
0
0
0
0
0
0
0
0
0
0
0
0.0012087
0
0.0025517
0
0
0.0001343
0.0016116
0.0004029
0.0002686
0.25799
0.0004029
0
0
0
0.0008058
0.0002686
0
0
0
0
0.0002686
0
0
0
0
0
0
0
0
0
0
0
